Sample	0	1	2	3	4	5	6	7
31136-037_deduped	(28.0, 1.0)	(29.0, 51.0)	(30.0, 1337.0)	(31.0, 20054.0)	(32.0, 257450.0)	(33.0, 3664505.0)	(34.0, 13778192.0)	
31136-038_deduped	(28.0, 2.0)	(29.0, 46.0)	(30.0, 1116.0)	(31.0, 16341.0)	(32.0, 209914.0)	(33.0, 2981346.0)	(34.0, 11292917.0)	
31136-039_deduped	(29.0, 46.0)	(30.0, 1249.0)	(31.0, 18766.0)	(32.0, 241053.0)	(33.0, 3424732.0)	(34.0, 13133791.0)		
31136-040_deduped	(28.0, 2.0)	(29.0, 55.0)	(30.0, 1567.0)	(31.0, 22233.0)	(32.0, 284011.0)	(33.0, 4282561.0)	(34.0, 13901385.0)	
31136-041_deduped	(29.0, 29.0)	(30.0, 716.0)	(31.0, 10663.0)	(32.0, 144846.0)	(33.0, 2203110.0)	(34.0, 6276225.0)		
31136-042_deduped	(28.0, 1.0)	(29.0, 44.0)	(30.0, 1421.0)	(31.0, 19388.0)	(32.0, 253734.0)	(33.0, 3907567.0)	(34.0, 12287965.0)	
31136-043_deduped	(28.0, 1.0)	(29.0, 59.0)	(30.0, 1444.0)	(31.0, 21063.0)	(32.0, 270044.0)	(33.0, 4047794.0)	(34.0, 14088403.0)	
31136-044_deduped	(29.0, 30.0)	(30.0, 1122.0)	(31.0, 15856.0)	(32.0, 214501.0)	(33.0, 3119108.0)	(34.0, 12010707.0)		
31136-045_deduped	(29.0, 56.0)	(30.0, 1102.0)	(31.0, 15795.0)	(32.0, 200384.0)	(33.0, 2950053.0)	(34.0, 10775489.0)		
31136-046_deduped	(27.0, 1.0)	(28.0, 1.0)	(29.0, 48.0)	(30.0, 1327.0)	(31.0, 19111.0)	(32.0, 240715.0)	(33.0, 3640979.0)	(34.0, 12922764.0)
31136-047_deduped	(29.0, 44.0)	(30.0, 1219.0)	(31.0, 17249.0)	(32.0, 227155.0)	(33.0, 3288656.0)	(34.0, 11817968.0)		
31136-048_deduped	(28.0, 1.0)	(29.0, 40.0)	(30.0, 1069.0)	(31.0, 15477.0)	(32.0, 203831.0)	(33.0, 2951049.0)	(34.0, 11948111.0)	
31136-049_deduped	(28.0, 1.0)	(29.0, 52.0)	(30.0, 1362.0)	(31.0, 19775.0)	(32.0, 247234.0)	(33.0, 3710278.0)	(34.0, 13000079.0)	
31136-050_deduped	(28.0, 2.0)	(29.0, 55.0)	(30.0, 1207.0)	(31.0, 17713.0)	(32.0, 235502.0)	(33.0, 3344096.0)	(34.0, 13443294.0)	
31136-051_deduped	(28.0, 1.0)	(29.0, 41.0)	(30.0, 1400.0)	(31.0, 19867.0)	(32.0, 262899.0)	(33.0, 3785265.0)	(34.0, 14500875.0)	
31136-052_deduped	(28.0, 1.0)	(29.0, 62.0)	(30.0, 1330.0)	(31.0, 16232.0)	(32.0, 169332.0)	(33.0, 2883556.0)	(34.0, 8618058.0)	
31136-053_deduped	(28.0, 1.0)	(29.0, 72.0)	(30.0, 1559.0)	(31.0, 19920.0)	(32.0, 214726.0)	(33.0, 3150712.0)	(34.0, 11959357.0)	
31136-054_deduped	(29.0, 59.0)	(30.0, 1286.0)	(31.0, 17201.0)	(32.0, 198302.0)	(33.0, 3052520.0)	(34.0, 11643805.0)		
31136-055_deduped	(29.0, 56.0)	(30.0, 1317.0)	(31.0, 17425.0)	(32.0, 202311.0)	(33.0, 2851296.0)	(34.0, 11649715.0)		
31136-056_deduped	(28.0, 1.0)	(29.0, 63.0)	(30.0, 1582.0)	(31.0, 19941.0)	(32.0, 212049.0)	(33.0, 3419279.0)	(34.0, 10879166.0)	
31136-057_deduped	(28.0, 7.0)	(29.0, 66.0)	(30.0, 1545.0)	(31.0, 20538.0)	(32.0, 234976.0)	(33.0, 3743981.0)	(34.0, 11525012.0)	
31136-058_deduped	(28.0, 1.0)	(29.0, 64.0)	(30.0, 1485.0)	(31.0, 19652.0)	(32.0, 213459.0)	(33.0, 3584651.0)	(34.0, 10503845.0)	
31136-059_deduped	(28.0, 5.0)	(29.0, 80.0)	(30.0, 1832.0)	(31.0, 22550.0)	(32.0, 242969.0)	(33.0, 3798225.0)	(34.0, 13501385.0)	
31136-060_deduped	(28.0, 2.0)	(29.0, 45.0)	(30.0, 1162.0)	(31.0, 15467.0)	(32.0, 175125.0)	(33.0, 2560413.0)	(34.0, 9739999.0)	
31136-061_deduped	(28.0, 2.0)	(29.0, 41.0)	(30.0, 1242.0)	(31.0, 15896.0)	(32.0, 176689.0)	(33.0, 3013205.0)	(34.0, 10586461.0)	
31136-062_deduped	(28.0, 2.0)	(29.0, 50.0)	(30.0, 1528.0)	(31.0, 19068.0)	(32.0, 199557.0)	(33.0, 3414485.0)	(34.0, 10123647.0)	
31136-063_deduped	(29.0, 58.0)	(30.0, 1382.0)	(31.0, 19090.0)	(32.0, 226332.0)	(33.0, 3360229.0)	(34.0, 12563459.0)		
31136-064_deduped	(29.0, 20.0)	(30.0, 595.0)	(31.0, 8009.0)	(32.0, 89442.0)	(33.0, 1358968.0)	(34.0, 4587478.0)		
31136-065_deduped	(28.0, 1.0)	(29.0, 53.0)	(30.0, 1407.0)	(31.0, 18324.0)	(32.0, 210310.0)	(33.0, 3247758.0)	(34.0, 10578355.0)	
31136-066_deduped	(29.0, 58.0)	(30.0, 1287.0)	(31.0, 16085.0)	(32.0, 178531.0)	(33.0, 2705114.0)	(34.0, 9260191.0)		
31136-067_deduped	(29.0, 41.0)	(30.0, 1257.0)	(31.0, 16191.0)	(32.0, 190415.0)	(33.0, 2894827.0)	(34.0, 10345701.0)		
31136-068_deduped	(28.0, 1.0)	(29.0, 7.0)	(30.0, 283.0)	(31.0, 3591.0)	(32.0, 35828.0)	(33.0, 529548.0)	(34.0, 2017093.0)	
